
==============================================================================
LOGISTIC MIXED MODEL — OFFICIAL DEEPSEEK JUDGE — ALL 11,946 CASES
formula: success ~ C(attack)*C(family) + C(benchmark)
rows: 11946
random effects: {'model': '0 + C(model)', 'prompt': '0 + C(prompt)'}
==============================================================================
Estimation: variational Bayes (statsmodels BinomialBayesMixedGLM)
                                 Binomial Mixed GLM Results
=============================================================================================
                                               Type Post. Mean Post. SD   SD  SD (LB) SD (UB)
---------------------------------------------------------------------------------------------
Intercept                                         M    -3.3040   0.0332                      
C(attack)[T.metacipher]                           M     3.3215   0.0418                      
C(attack)[T.arrattack]                            M    -0.5775   0.1352                      
C(family)[T.diffusion]                            M    -0.9666   0.0518                      
C(benchmark)[T.jailbreakbench]                    M     0.3371   0.0985                      
C(benchmark)[T.malicious_instruct]                M     0.0183   0.1009                      
C(benchmark)[T.strongreject]                      M     0.2645   0.0562                      
C(attack)[T.metacipher]:C(family)[T.diffusion]    M    -1.3758   0.0633                      
C(attack)[T.arrattack]:C(family)[T.diffusion]     M     1.3072   0.1836                      
model                                             V     1.1095   0.2563 3.033   1.816   5.064
prompt                                            V    -0.0446   0.0234 0.956   0.913   1.002
=============================================================================================
Parameter types are mean structure (M) and variance structure (V)
Variance parameters are modeled as log standard deviations

Mean-structure coefficients (fixed effects):
0     -3.303988
1      3.321467
2     -0.577468
3     -0.966650
4      0.337114
5      0.018276
6      0.264482
7     -1.375839
8      1.307196
9      1.109534
10    -0.044616
11    -0.836151
12    -2.852604
13    -6.578984
14     1.739512
15     0.959557
16     0.906202
17     0.248824
18     0.248824
19    -0.582085
20    -0.067578
21    -0.067578
22     0.425953
23    -0.067578
24     0.425953
25    -0.582085
26     0.425953
27     0.425953
28    -0.067578
29     1.054333
30    -0.067578
31    -0.582085
32    -0.067578
33     0.425953
34    -0.067578
35    -0.582085
36    -0.067578
37     0.901509
38     0.425953
39     0.425953
40    -0.194754
41     0.901509
42     0.901509
43    -0.067578
44    -0.067578
45    -0.067578
46     0.425953
47    -0.067578
48    -0.067578
49     0.901509
50     0.425953
51    -0.194754
52     0.425953
53    -0.582085
54     0.425953
55     0.425953
56     0.425953
57    -0.067578
58     0.425953
59     0.425953
60     0.425953
61     1.360441
62     0.248824
63     0.901509
64     1.360441
65     0.425953
66     0.425953
67     0.425953
68     0.901509
69     0.425953
70     0.425953
71     0.425953
72    -0.067578
73     0.248824
74    -0.067578
75     0.901509
76     0.425953
77     0.425953
78     0.901509
79    -0.582085
80     0.425953
81    -0.067578
82    -0.067578
83     1.360441
84    -0.194754
85    -0.067578
86     0.901509
87     0.425953
88     0.425953
89    -0.067578
90     0.425953
91    -0.067578
92     0.425953
93    -0.067578
94    -0.582085
95     0.248824
96     0.425953
97     0.901509
98     1.360441
99     1.360441
100    0.425953
101    0.901509
102    0.425953
103    0.901509
104    0.425953
105    0.901509
106    0.248824
107    0.901509
108    0.901509
109    0.901509
110    1.360441
111    0.425953
112    0.425953
113    1.804624
114    1.360441
115    0.901509
116    0.901509
117   -0.194754
118    1.360441
119    0.901509
120    0.425953
121    1.360441
122    0.425953
123   -0.067578
124   -0.582085
125   -0.067578
126    1.360441
127   -0.067578
128    0.248824
129    0.664325
130   -0.067578
131   -1.124437
132   -1.124437
133   -1.124437
134   -1.124437
135   -1.124437
136   -1.124437
137   -1.124437
138   -1.124437
139   -1.124437
140    1.421661
141   -0.582085
142   -1.124437
143   -1.124437
144   -1.124437
145   -1.124437
146   -1.124437
147   -1.124437
148   -1.124437
149   -1.124437
150   -1.124437
151    0.664326
152   -1.124437
153   -1.124437
154   -1.124437
155   -1.124437
156   -1.124437
157   -1.124437
158   -1.124437
159   -1.124437
160   -1.124437
161   -1.124437
162    0.248824
163   -1.124437
164   -0.582085
165   -1.124437
166   -1.124437
167   -1.124437
168   -1.124437
169   -0.582085
170   -1.124437
171   -0.582085
172   -1.124437
173    0.248824
174   -1.124437
175   -1.124437
176   -1.124437
177   -0.582085
178   -1.124437
179   -1.124437
180   -1.124437
181   -1.124437
182   -1.124437
183   -1.124437
184   -0.194754
185   -1.124437
186   -0.582085
187   -1.124437
188   -1.124437
189   -1.124437
190   -1.124437
191   -0.582085
192   -0.582085
193   -1.124437
194   -1.124437
195   -0.194754
196   -1.124437
197   -1.124437
198   -1.124437
199   -1.124437
200   -1.124437
201   -1.124437
202   -1.124437
203   -1.124437
204   -1.124437
205   -1.124437
206   -0.194754
207   -1.124437
208   -1.124437
209   -1.124437
210   -1.124437
211   -1.124437
212   -1.124437
213   -1.124437
214   -1.124437
215   -1.124437
216   -1.124437
217   -1.183097
218   -1.124437
219   -1.124437
220   -1.124437
221   -1.124437
222   -1.124437
223   -1.124437
224   -1.124437
225   -1.124437
226   -1.124437
227   -1.124437
228   -0.194754
229   -1.124437
230   -1.124437
231   -1.124437
232   -1.124437
233   -1.124437
234   -1.124437
235   -1.124437
236   -1.124437
237   -1.124437
238   -1.124437
239    0.664325
240    0.664325
241   -1.124437
242    0.425953
243   -0.582085
244   -0.582085
245   -0.582085
246    0.901509
247    0.425953
248   -0.067578
249   -0.067578
250    1.804624
251   -0.669985
252   -0.582085
253   -0.582085
254    0.425953
255    0.425953
256   -0.067578
257    0.425953
258    0.901509
259    1.360441
260    0.425953
261    0.901509
262    0.664325
263    1.360441
264    0.901509
265    1.360441
266    0.901509
267    1.360441
268    0.425953
269    1.360441
270   -0.067578
271   -0.067578
272   -0.067578
273   -0.194754
274   -0.067578
275    1.360441
276   -0.067578
277   -0.067578
278    0.425953
279    0.901509
280    0.901509
281   -0.067578
282   -0.067578
283    0.425953
284    1.054333
285   -0.067578
286    0.425953
287    0.425953
288    0.425953
289    0.425953
290   -0.067578
291   -0.582085
292    0.425953
293    0.901509
294    0.901509
295    0.664325
296   -0.067578
297    0.425953
298    0.901509
299   -0.582085
300   -0.067578
301   -0.067578
302   -0.067578
303    1.360441
304   -0.067578
305   -0.067578
306   -0.194754
307    0.425953
308    1.360441
309    0.901509
310   -0.067578
311   -0.067578
312   -0.067578
313    1.360441
314    0.425953
315   -0.067578
316    0.425953
317    2.102887
318   -0.067578
319    0.901509
320   -0.067578
321   -0.067578
322    0.901509
323   -0.067578
324    0.901509
325   -0.582085
326   -0.582085
327   -0.582085
328    0.664325
329    0.901509
330    0.425953
331    0.425953
332   -0.067578
333   -0.067578
334    1.360441
335    0.425953
336    0.901509
337   -0.067578
338    0.425953
339    0.664325
340    0.425953
341   -0.067578
342    0.425953
343   -0.067578
344   -0.067578
345    0.425953
346    0.901509
347    0.901509
348    0.425953
349    0.425953
350   -0.194754
351   -0.194754
352   -0.067578
353    0.248824
354    0.248824
355    0.664326
356    0.248824
357    0.248824
358   -0.194754
359    0.248824
360   -0.194754
361   -0.194754
362    0.248824
363    0.248824
364   -0.194754
365    0.248824
366   -0.194754
367    1.054333
368    2.102887
369    1.769816
370    0.248824
371    1.054333
372    0.248824
373   -0.194754
374    1.421661
375    0.664325
376    0.664325
377    0.248824
378   -0.669985
379    0.248824
380   -0.194754
381   -0.194754
382   -0.669985
383    0.248824
384    1.421661
385   -0.194754
386    0.248824
387    1.054333
388    0.248824
389    0.248824
390    1.054333
391    0.425953
392   -0.067578
393   -0.582085
394    0.425953
395    0.248824
396    0.901509
397    0.425953
398    0.425953
399    0.901509
400    0.901509
401    0.425953
402    0.901509
403   -0.582085
404   -0.067578
405    0.901509
406    0.248824
407   -0.582085
408   -0.582085
409    0.901509
410    0.425953
411   -0.067578
412   -0.067578
413    0.425953
414   -0.582085
415    0.425953
416    1.360441
417    0.067389
418   -0.365472
419    0.265951
420    0.067389
421    0.067389
422    0.067389
423    0.473166
424    0.067389
425   -0.365472
426   -0.365472
427    0.067389
428    0.067389
429    0.067389
430    0.067389
431    0.265951
432    1.188449
433   -0.220746
434   -1.258102
435    0.735222
436   -0.220746
437    0.265951
438   -0.220746
439   -0.727011
440   -0.365472
441    0.265951
442    1.188449
443   -0.727011
444    0.265951
445   -0.727011
446    0.265951
447    0.265951
448    0.735222
449    0.265951
450   -0.220746
451   -0.828476
452    0.265951
453    0.265951
454    0.265951
455    0.265951
456    0.265951
457    0.735222
458   -0.220746
459    0.265951
460   -0.220746
461    0.265951
462   -0.365472
463   -0.220746
464    0.265951
465    0.265951
466    0.265951
467   -0.220746
468    0.265951
469   -0.727011
470    0.265951
471   -0.727011
472   -0.220746
473   -0.365472
474   -0.220746
475   -0.727011
476    0.265951
477   -0.220746
478   -0.220746
479    0.265951
480    0.265951
481    0.735222
482   -0.220746
483   -1.258102
484    0.067389
485    0.265951
486   -0.220746
487    1.188449
488   -0.220746
489    0.265951
490    0.265951
491    0.265951
492   -0.220746
493    0.265951
494    0.265951
495   -0.365472
496   -0.220746
497   -1.258102
498   -0.220746
499    0.735222
500   -0.220746
501   -0.220746
502    0.265951
503    0.265951
504    0.265951
505   -0.220746
506   -0.365472
507   -0.220746
508   -0.220746
509    0.265951
510    0.265951
511    0.265951
512    0.735222
513   -0.220746
514   -0.220746
515   -0.220746
516   -0.727011
517    0.238341
518    0.238341
519   -0.076198
520   -0.679191
521   -0.204624
522    0.238341
523    1.409756
524    0.238341
525    0.653277
526    1.042798
527   -1.191522
528   -0.204624
529    0.238341
530   -0.679191
531    0.416973
532   -1.132147
533   -0.076198
534   -1.132147
535    0.892179
536    0.416973
537    0.416973
538   -0.076198
539    0.416973
540    1.042798
541    0.416973
542   -0.076198
543    0.416973
544   -0.076198
545   -0.076198
546    0.416973
547   -0.076198
548   -0.590314
549   -0.076198
550    0.416973
551    0.653277
552   -0.076198
553   -1.132147
554    0.416973
555   -0.590314
556    0.416973
557   -0.590314
558    0.892179
559   -0.076198
560    0.416973
561   -0.076198
562   -0.204624
563   -0.076198
564   -0.590314
565   -0.076198
566   -0.076198
567   -0.076198
568    0.416973
569    0.416973
570   -0.590314
571   -0.590314
572    0.416973
573    0.653277
574   -0.590314
575   -0.076198
576   -0.076198
577   -0.590314
578   -0.590314
579   -0.076198
580    0.892179
581    0.416973
582   -0.590314
583   -0.590314
584   -0.679191
585   -0.076198
586    0.416973
587   -0.076198
588    0.416973
589    0.416973
590    0.416973
591    0.416973
592    0.416973
593   -0.076198
594    0.416973
595    1.409756
596    0.892179
597   -0.590314
598    0.416973
599   -0.590314
600    0.416973
601   -0.590314
602   -0.076198
603    0.416973
604   -0.076198
605    0.416973
606    0.238341
607   -0.076198
608   -0.590314
609   -0.076198
610   -0.590314
611   -0.590314
612   -1.132147
613   -0.076198
614   -0.590314
615   -0.590314
616   -1.132147
617   -0.328003
618    0.107145
619   -0.187346
620   -0.695297
621    0.300796
622    0.300796
623   -0.187346
624   -0.187346
625   -0.187346
626   -0.695297
627   -0.187346
628    0.771410
629   -0.328003
630   -0.695297
631   -0.187346
632   -0.695297
633   -0.695297
634   -0.187346
635    0.300796
636   -0.695297
637    0.300796
638   -0.187346
639   -0.695297
640    1.602921
641    0.300796
642   -0.187346
643   -0.187346
644    0.300796
645   -0.695297
646   -0.187346
647    0.300796
648   -0.187346
649    0.300796
650   -1.228640
651   -0.793580
652   -0.695297
653   -0.187346
654    0.771410
655    0.300796
656   -0.187346
657   -0.187346
658   -0.695297
659   -0.187346
660   -0.187346
661   -0.187346
662    0.107145
663   -0.695297
664   -0.187346
665    0.771410
666    0.771410
667    0.300796
668    0.300796
669   -0.695297
670   -0.187346
671   -0.187346
672    0.300796
673   -0.328003
674    0.300796
675   -0.187346
676    0.300796
677    0.300796
678    0.771410
679    0.300796
680    0.300796
681    0.771410
682    0.300796
683   -0.187346
684   -0.328003
685   -0.187346
686    1.225826
687    0.300796
688    0.300796
689   -0.187346
690    0.300796
691    0.300796
692    0.300796
693    0.300796
694    0.300796
695    0.107145
696    0.300796
697    0.300796
698   -0.695297
699    0.300796
700    0.300796
701    0.300796
702   -0.187346
703    0.300796
704   -0.187346
705    0.300796
706    0.107145
707    0.300796
708    1.225826
709    0.300796
710    0.300796
711    0.300796
712    0.300796
713    0.300796
714    0.771410
715    0.771410
716   -1.228640
717    0.898126
718   -0.187346
719    0.300796
720   -0.187346
721   -0.695297
722   -0.187346
723    0.300796
724    0.771410
725    0.771410
726    0.300796
727    0.300796
728    0.107145
729    0.107145
730    0.300796
731    0.300796
732   -0.187346
733   -0.187346
734    0.300796
735   -0.695297
736    0.300796
737    0.300796
738    0.300796
739    0.300796
740    1.259533
741   -1.228640
742   -0.187346
743    0.300796
744   -0.187346
745   -0.187346
746    0.300796
747   -0.695297
748    0.300796
749    0.300796
750    0.300796
751    0.107145
752   -0.187346
753   -0.187346
754    0.300796
755    0.771410
756   -0.695297
757   -0.187346
758   -0.695297
759    0.300796
760   -0.187346
761    0.300796
762    0.107145
763   -0.187346
764   -0.187346
765    0.300796
766   -0.187346
767   -0.187346
768    0.300796
769   -0.187346
770   -0.187346
771   -0.695297
772   -0.187346
773    0.107145
774    0.300796
775   -0.187346
776   -0.695297
777    0.300796
778    0.300796
779    0.300796
780    0.771410
781   -0.187346
782   -0.695297
783   -0.695297
784    0.898126
785    0.300796
786    0.300796
787   -1.228640
788   -0.187346
789   -0.187346
790    0.300796
791    0.300796
792   -0.187346
793   -0.695297
794    0.300796
795    0.514998
796    0.771410
797    0.300796
798   -0.695297
799   -0.695297
800   -0.187346
801   -0.695297
802   -0.695297
803   -0.187346
804   -0.187346
805   -0.695297
806   -0.328003
807   -0.187346
808    0.300796
809    1.225826
810   -0.187346
811   -0.187346
812   -0.695297
813    0.300796
814   -0.695297
815   -0.695297
816   -0.187346
817    1.259533
818   -0.187346
819    0.300796
820   -0.187346
821   -0.187346
822   -0.695297
823    0.300796
824   -0.695297
825   -0.187346
826   -0.187346
827    0.300796
828    0.107145
829   -0.187346
830    0.771410
831   -0.187346
832   -0.695297
833    0.300796
834    0.300796
835    0.300796
836    0.300796
837   -0.187346
838    0.300796
839    0.107145
840   -0.328003
841    0.771410
842    0.300796
843    0.300796
844    0.300796
845    0.771410
846    0.300796
847   -0.695297
848   -0.187346
849    0.771410
850    0.300796
851    0.898126
852    0.771410
853    0.771410
854    0.300796
855    0.300796
856    0.514998
857    0.107145
858    0.898126
859   -0.328003
860    0.514998
861    0.107145
862   -0.328003
863    0.107145
864   -0.328003
865    0.107145
866    0.107145
867   -0.328003
868    0.107145
869   -0.328003
870   -0.793580
871    0.514998
872    0.107145
873    0.898126
874   -0.793580
875   -0.793580
876    0.107145
877   -0.695297
878    0.300796
879   -0.187346
880   -0.187346
881    0.300796
882   -0.695297
883   -0.187346
884   -0.187346
885   -1.228640
886   -0.793580
887    0.300796
888   -0.695297
889   -1.228640
890   -1.228640
891    0.300796
892   -0.187346
893    0.771410
894   -0.695297
895    0.300796
896    0.300796
897    1.602921
898   -0.695297
899    0.771410
900    0.771410
901   -0.187346
902    0.771410
903   -0.187346
904   -0.187346
905    0.300796
906   -0.695297
907   -0.695297
908    0.514998
909   -1.228640
910    0.300796
911   -1.228640
912    0.300796
913   -0.187346
914   -0.695297
915    0.300796
916   -0.187346
917   -0.187346
918    0.300796
919   -0.793580
920   -0.187346
921    0.300796
922    0.300796
923   -0.187346
924   -0.187346
925   -0.187346
926   -0.695297
927   -0.187346
928    0.300796
929   -0.695297

==============================================================================
LOGISTIC MIXED MODEL — CONTENT-CATEGORY EXTENSION (MetaCipher + ArrAttack native prompt_type)
formula: success ~ C(attack)*C(family) + C(benchmark) + C(prompt_type)
rows: 6468
random effects: {'model': '0 + C(model)', 'prompt': '0 + C(prompt)'}
==============================================================================
Estimation: variational Bayes (statsmodels BinomialBayesMixedGLM)
                                 Binomial Mixed GLM Results
============================================================================================
                                              Type Post. Mean Post. SD   SD  SD (LB) SD (UB)
--------------------------------------------------------------------------------------------
Intercept                                        M    -1.0578   0.0440                      
C(attack)[T.arrattack]                           M    -4.7459   0.1364                      
C(family)[T.diffusion]                           M    -1.0780   0.0642                      
C(benchmark)[T.jailbreakbench]                   M     0.2682   0.1292                      
C(benchmark)[T.malicious_instruct]               M    -0.3263   0.1214                      
C(benchmark)[T.strongreject]                     M     0.0319   0.0721                      
C(prompt_type)[T.chemical_cbrn]                  M     0.0166   0.2853                      
C(prompt_type)[T.copyright]                      M    -6.8094   0.7216                      
C(prompt_type)[T.cyber]                          M     0.9405   0.1661                      
C(prompt_type)[T.drugs]                          M    -0.0197   0.1601                      
C(prompt_type)[T.election_political]             M    -0.4985   0.2983                      
C(prompt_type)[T.fraud_financial]                M     0.6004   0.2065                      
C(prompt_type)[T.fraud_scam]                     M     1.2036   0.4801                      
C(prompt_type)[T.harassment_hate_coercion]       M    -0.1303   0.1857                      
C(prompt_type)[T.hate_harassment]                M    -1.7161   1.2752                      
C(prompt_type)[T.misinformation]                 M     0.0719   0.3203                      
C(prompt_type)[T.misinformation_persuasion]      M    -0.0431   0.9938                      
C(prompt_type)[T.other_harmful]                  M     0.4441   0.2029                      
C(prompt_type)[T.other_policy]                   M    -0.1693   0.0661                      
C(prompt_type)[T.privacy_theft]                  M     0.8143   0.3306                      
C(prompt_type)[T.self_harm]                      M     0.4050   0.5989                      
C(prompt_type)[T.sexual]                         M    -0.0288   0.2182                      
C(prompt_type)[T.spam_phishing]                  M     0.8370   0.6209                      
C(prompt_type)[T.too_general]                    M    -1.2381   0.2549                      
C(prompt_type)[T.too_general_prompt]             M     2.1024   0.3536                      
C(prompt_type)[T.violence_physical]              M    -0.2045   0.2828                      
C(prompt_type)[T.violence_weapons]               M     0.5946   0.6541                      
C(prompt_type)[T.weapons_explosives]             M    -0.2560   0.2154                      
C(attack)[T.arrattack]:C(family)[T.diffusion]    M     2.7281   0.1889                      
model                                            V     1.0858   0.2567 2.962   1.772   4.949
prompt                                           V    -0.4440   0.0234 0.641   0.612   0.672
============================================================================================
Parameter types are mean structure (M) and variance structure (V)
Variance parameters are modeled as log standard deviations

Mean-structure coefficients (fixed effects):
0     -1.057841
1     -4.745947
2     -1.077985
3      0.268211
4     -0.326314
5      0.031896
6      0.016590
7     -6.809384
8      0.940514
9     -0.019744
10    -0.498543
11     0.600390
12     1.203639
13    -0.130260
14    -1.716058
15     0.071890
16    -0.043102
17     0.444147
18    -0.169325
19     0.814271
20     0.405035
21    -0.028754
22     0.836968
23    -1.238098
24     2.102416
25    -0.204452
26     0.594645
27    -0.255984
28     2.728073
29     1.085776
30    -0.444008
31    -1.681485
32    -2.535682
33    -5.158085
34     2.145147
35     2.579840
36     2.616962
37     0.168848
38     0.089707
39    -0.128103
40    -0.019646
41    -0.019646
42     0.198071
43     0.198071
44     0.130788
45    -0.348960
46     0.524146
47    -0.001960
48    -0.019646
49     0.105292
50    -0.019646
51    -0.340861
52    -0.348960
53    -0.348960
54    -0.348960
55    -0.128103
56    -0.047942
57     0.330764
58     0.313890
59    -0.047942
60    -0.092593
61     0.183473
62     0.183473
63    -0.348960
64    -0.026610
65     0.046759
66     0.377280
67    -0.047942
68    -0.001960
69     0.183473
70     0.313890
71    -0.104267
72     0.183473
73    -0.128103
74     0.221645
75    -0.019646
76    -0.019646
77    -0.019646
78     0.130788
79    -0.052234
80    -0.216544
81    -0.216544
82     0.182343
83     0.130788
84     0.130788
85    -0.019646
86    -0.216544
87     0.313890
88     0.313890
89     0.322019
90     0.322019
91    -0.019646
92    -0.019646
93     0.116821
94    -0.045773
95     0.313890
96     0.313890
97     0.221645
98     0.313890
99    -0.128103
100    0.289539
101   -0.001960
102   -0.019646
103    0.313890
104   -0.164787
105   -0.159717
106    0.313890
107    0.313890
108    0.313890
109   -0.019646
110   -0.053657
111   -0.019646
112    0.313890
113   -0.019646
114   -0.383127
115   -0.347837
116    0.313890
117    0.313890
118    0.313890
119    0.652503
120    0.313890
121    0.313890
122   -0.216544
123    0.130788
124   -0.019646
125    0.313890
126    0.157633
127    0.130788
128   -0.216544
129    0.130788
130    0.130788
131   -0.216544
132   -0.216544
133    0.130788
134    0.130788
135    0.313890
136    0.130788
137   -0.147450
138   -0.019646
139    0.313890
140    0.130788
141   -0.019646
142   -0.128103
143   -0.053657
144   -0.348960
145    0.198071
146    0.313890
147   -0.019646
148    0.169890
149    0.460828
150   -0.330812
151   -0.007339
152   -0.007339
153   -0.007339
154   -0.007339
155   -0.007339
156   -0.007339
157   -0.007339
158   -0.007339
159   -0.007339
160   -0.104267
161   -0.128103
162   -0.007339
163   -0.007339
164   -0.007339
165   -0.007339
166   -0.007339
167   -0.007339
168   -0.667747
169   -0.007339
170   -0.007339
171    0.417685
172   -0.007339
173   -0.007339
174   -0.007339
175   -0.007339
176   -0.007339
177   -0.007339
178   -0.007339
179   -0.007339
180   -0.007339
181   -0.007339
182   -0.259776
183   -0.007339
184   -0.128103
185   -0.007339
186   -0.007339
187   -0.007339
188   -0.007339
189   -0.128103
190   -0.007339
191   -0.128103
192   -0.007339
193    0.217320
194   -0.007339
195   -0.007339
196   -0.007339
197   -0.007339
198   -0.007339
199   -0.007339
200   -0.007339
201   -0.007339
202   -0.007339
203   -0.007339
204   -0.113171
205   -0.007339
206   -0.007339
207   -0.007339
208   -0.007339
209   -0.007339
210   -0.007339
211   -0.340861
212   -0.007339
213   -0.007339
214   -0.007339
215   -0.120797
216   -0.007339
217   -0.007339
218   -0.007339
219   -0.007339
220   -0.007339
221   -0.007339
222   -0.007339
223   -0.007339
224   -0.007339
225   -0.007339
226   -0.147450
227   -0.007339
228   -0.007339
229   -0.007339
230   -0.704189
231   -0.007339
232   -0.007339
233   -0.007339
234   -0.007339
235   -0.007339
236   -0.007339
237   -0.733701
238   -0.007339
239   -0.007339
240   -0.007339
241   -0.007339
242   -0.007339
243   -0.007339
244   -0.007339
245   -0.007339
246   -0.007339
247   -0.007339
248   -0.120797
249   -0.007339
250   -0.007339
251   -0.007339
252   -0.007339
253   -0.007339
254   -0.007339
255   -0.007339
256   -0.007339
257   -0.007339
258   -0.007339
259    0.152777
260    0.182343
261   -0.007339
262   -0.378768
263   -0.348960
264   -0.348960
265   -0.378768
266    0.377280
267   -0.216544
268   -0.330812
269   -0.001960
270    0.313890
271   -0.426015
272   -0.385112
273   -0.378768
274   -0.052234
275   -0.348960
276   -0.395691
277   -0.395691
278   -0.019646
279   -0.395691
280    0.313890
281    0.377280
282   -0.120797
283   -0.063595
284   -0.497693
285    0.046759
286    0.046759
287   -0.063595
288   -0.052234
289    0.273028
290   -0.280769
291   -0.348960
292   -0.348960
293   -0.426015
294   -0.019646
295    0.130788
296   -0.019646
297   -0.356447
298    0.313890
299    0.183473
300    0.130788
301   -0.047942
302   -0.118901
303    0.307476
304   -0.120797
305   -0.026610
306   -0.216544
307    0.130788
308    0.313890
309    0.313890
310   -0.383127
311   -0.348960
312   -0.053657
313    0.282270
314    0.623241
315   -0.164787
316   -0.053657
317    0.282270
318   -0.019646
319   -0.348960
320   -0.019646
321   -0.385112
322   -0.053657
323    0.313890
324   -0.019646
325   -0.019646
326   -0.164787
327    0.313890
328    0.482189
329    0.130788
330   -0.216544
331   -0.019646
332   -0.019646
333    0.287424
334   -0.047942
335   -0.348960
336    0.287424
337    0.679773
338   -0.047942
339   -0.047942
340   -0.019646
341   -0.019646
342   -0.019646
343   -0.159717
344   -0.159717
345   -0.675406
346   -0.348960
347   -0.280769
348   -0.164787
349   -0.019646
350   -0.019646
351   -0.348960
352   -0.378768
353   -0.378768
354    0.313890
355    0.130788
356    0.313890
357   -0.019646
358    0.152571
359   -0.164787
360    0.152571
361   -0.192338
362    0.152571
363   -0.194179
364   -0.216544
365   -0.216544
366   -0.159717
367    0.313890
368   -0.216544
369   -0.348960
370   -0.120797
371   -0.462009
372   -0.019646
373    0.182343
374   -0.120797
375    0.215395
376    0.215395
377   -0.426015
378   -0.089189
379    0.221495
380   -0.089189
381   -0.253125
382   -0.120797
383    0.189815
384   -0.127392
385    0.052341
386   -0.240263
387    0.089707
388    0.538215
389    1.079042
390    0.182343
391    0.782476
392    0.182343
393   -0.148612
394    0.782476
395    0.221495
396    0.221495
397   -0.326940
398   -0.469036
399    0.123661
400   -0.171278
401   -0.164787
402   -0.762659
403    0.129588
404    0.011155
405   -0.164787
406    0.182343
407    0.483484
408   -0.162295
409    0.182343
410    0.182343
411   -0.019646
412   -0.019646
413   -0.385112
414   -0.019646
415    0.251960
416   -0.019646
417   -0.019646
418    0.322019
419    0.198071
420    0.313890
421    0.273028
422    0.282270
423   -0.348960
424   -0.001960
425    0.130788
426    0.197996
427   -0.356447
428   -0.348960
429    0.273028
430    0.313890
431   -0.047942
432   -0.348960
433    0.313890
434   -0.348960
435   -0.019646
436    0.313890
437    0.087312
438   -0.160939
439   -0.070384
440    0.083666
441    0.110681
442   -0.050983
443    0.196458
444    0.150572
445    0.005291
446   -0.191150
447    0.110681
448   -0.133361
449    0.166812
450   -0.050983
451    0.282622
452    0.282622
453   -0.062199
454   -0.722699
455    0.266431
456   -0.070384
457    0.178259
458   -0.070384
459   -0.394188
460   -0.154635
461    0.266431
462    0.243259
463   -0.402401
464    0.266431
465   -0.402401
466    0.266431
467    0.266431
468   -0.070384
469    0.142184
470   -0.545560
471   -0.432199
472    0.142184
473   -0.258307
474    0.266431
475    0.241223
476    0.266431
477    0.142184
478   -0.076990
479    0.266431
480   -0.070384
481    0.142184
482   -0.191150
483   -0.258307
484    0.266431
485   -0.070384
486    0.266431
487   -0.070384
488    0.227546
489   -0.335319
490    0.266431
491   -0.402401
492   -0.070384
493   -0.191150
494   -0.070384
495   -0.183416
496    0.243259
497   -0.005898
498   -0.097498
499    0.243259
500    0.260355
501    0.243259
502   -0.258307
503   -0.758727
504    0.117919
505    0.266431
506   -0.070384
507    0.260355
508   -0.070384
509   -0.545560
510    0.111277
511    0.091729
512   -0.070384
513    0.111277
514    0.142184
515   -0.191150
516   -0.070384
517   -0.009594
518   -0.070384
519    0.585151
520   -0.070384
521   -0.070384
522    0.266431
523    0.274317
524    0.266431
525   -0.070384
526   -0.191150
527   -0.097498
528   -0.070384
529    0.266431
530    0.266431
531    0.091729
532    0.282622
533   -0.070384
534   -0.730656
535   -0.070384
536   -0.335319
537    0.186123
538    0.186123
539    0.015657
540   -0.494138
541   -0.010372
542    0.063904
543    0.886475
544    0.249370
545    0.338846
546    0.871419
547   -0.779899
548   -0.036797
549   -0.213330
550   -0.494138
551    0.237239
552   -0.394020
553   -0.138395
554   -0.607385
555    0.237239
556    0.203277
557    0.181274
558   -0.138395
559    0.203277
560    0.612677
561    0.237239
562    0.045158
563    0.368476
564    0.045158
565    0.045158
566    0.368476
567    0.045158
568   -0.213418
569   -0.001005
570    0.375326
571    0.528537
572    0.045158
573   -0.615554
574    0.368476
575   -0.062415
576    0.591554
577   -0.615554
578    0.709900
579    0.037778
580    0.368476
581    0.037778
582   -0.105640
583    0.037778
584   -0.281861
585    0.045158
586    0.045158
587    0.045158
588    0.375326
589    0.368476
590   -0.281861
591   -0.281861
592    0.375326
593    0.222179
594   -0.281861
595    0.045158
596    0.045158
597   -0.281861
598   -0.281861
599    0.045158
600    0.375326
601    0.375326
602   -0.281861
603   -0.435894
604   -0.700408
605    0.045158
606    0.181274
607    0.045158
608   -0.162089
609    0.181274
610    0.375326
611    0.181274
612    0.181274
613    0.045158
614    0.181274
615    0.762266
616    0.181274
617   -0.435894
618    0.237239
619   -0.435894
620   -0.138395
621   -0.435894
622   -0.162089
623    0.237239
624   -0.101812
625   -0.101812
626   -0.105640
627   -0.101812
628   -0.281861
629   -0.312481
630   -0.312481
631   -0.281861
632   -0.638521
633   -0.394020
634   -0.281861
635   -0.638521
636   -0.607385
637   -0.129155
638   -0.054525
639   -0.025721
640   -0.337233
641    0.308203
642    0.178530
643   -0.165047
644   -0.008094
645   -0.355350
646   -0.355350
647   -0.025721
648    0.308203
649   -0.129155
650   -0.337233
651   -0.053877
652   -0.355350
653   -0.355350
654   -0.008094
655   -0.355350
656   -0.337233
657   -0.008094
658   -0.008094
659   -0.337233
660    0.773612
661    0.324997
662   -0.008094
663   -0.053877
664   -0.025721
665   -0.462801
666   -0.053877
667   -0.053877
668   -0.008094
669    0.281888
670   -0.682001
671   -0.434210
672   -0.385044
673   -0.337233
674   -0.355350
675    0.324997
676   -0.355350
677   -0.053877
678   -0.355350
679   -0.355350
680   -0.025721
681   -0.025721
682    0.173831
683   -0.355350
684   -0.025721
685    0.281888
686    0.276768
687    0.178530
688    0.308203
689   -0.391340
690   -0.008094
691   -0.391340
692   -0.053877
693   -0.129155
694    0.308203
695   -0.221545
696    0.308203
697    0.126121
698    0.308203
699    0.308203
700    0.178530
701    0.178530
702    0.178530
703   -0.165047
704   -0.129155
705   -0.199317
706    0.308203
707    0.277796
708    0.126121
709   -0.032642
710    0.146597
711    0.126121
712    0.308203
713    0.308203
714    0.126121
715   -0.067393
716    0.308203
717    0.308203
718   -0.355350
719    0.277796
720    0.308203
721    0.178530
722   -0.025721
723   -0.025721
724   -0.025721
725    0.126121
726    0.181276
727    0.178530
728    0.126121
729    0.308203
730   -0.221545
731    0.178530
732    0.126121
733    0.178530
734    0.146597
735    0.281888
736   -0.007589
737    0.444424
738   -0.165047
739    0.126121
740   -0.025721
741   -0.134685
742   -0.355350
743    0.281888
744   -0.053877
745    0.308203
746    0.308203
747    0.308203
748   -0.159166
749    0.229478
750    0.308203
751    0.178530
752   -0.025721
753   -0.025721
754   -0.025721
755   -0.540355
756    0.281888
757    0.281888
758    0.308203
759   -0.008094
760    1.069966
761   -0.710702
762   -0.025721
763    0.283994
764   -0.051711
765    0.040463
766    0.308203
767   -0.710702
768    0.301830
769    0.308203
770    0.283994
771    0.173831
772   -0.051711
773   -0.032642
774    0.283994
775    0.283994
776   -0.382897
777   -0.025721
778   -0.355350
779    0.283994
780   -0.025721
781   -0.051711
782    0.173831
783   -0.051711
784   -0.025721
785    0.283994
786   -0.053877
787   -0.355350
788   -0.025721
789   -0.008094
790   -0.032642
791   -0.382897
792   -0.051711
793    0.167861
794    0.283994
795   -0.053877
796   -0.382897
797    0.283994
798    0.126121
799    0.301830
800    0.301830
801   -0.051711
802   -0.362796
803   -0.362796
804    0.824802
805    0.283994
806    0.283994
807   -0.682001
808   -0.025721
809   -0.051711
810   -0.051711
811    0.283994
812   -0.051711
813   -0.355350
814    0.283994
815    0.173831
816    0.308203
817    0.040463
818   -0.355350
819   -0.355350
820   -0.025721
821   -0.347235
822   -0.461028
823   -0.008094
824   -0.059547
825   -0.355350
826   -0.129155
827   -0.025721
828    0.308203
829    0.316305
830   -0.025721
831   -0.017471
832   -0.347235
833    0.308203
834   -0.401870
835   -0.355350
836   -0.025721
837    0.269150
838   -0.025721
839    0.308203
840   -0.008094
841   -0.053877
842   -0.355350
843   -0.025721
844   -0.355350
845   -0.025721
846   -0.008094
847    0.308203
848   -0.054525
849   -0.025721
850    0.301830
851   -0.025721
852   -0.355350
853   -0.025721
854    0.308203
855    0.281888
856    0.308203
857   -0.053877
858    0.281888
859    0.165863
860   -0.291311
861    0.308203
862   -0.053877
863   -0.053877
864    0.281888
865    0.281888
866    0.281888
867   -0.385044
868   -0.025721
869    0.126121
870    0.316305
871    0.715909
872    0.281888
873    0.281888
874    0.316305
875   -0.032642
876    0.132548
877    0.146770
878    0.786894
879   -0.145124
880    0.523023
881    0.173831
882   -0.096965
883    0.213633
884   -0.129155
885    0.213633
886    0.175108
887   -0.230458
888   -0.138822
889   -0.129155
890   -0.470824
891    0.052720
892    0.213633
893    0.382468
894   -0.434210
895   -0.411405
896    0.142343
897   -0.362796
898   -0.362796
899   -0.032642
900   -0.355350
901    0.126121
902   -0.710702
903   -0.053877
904   -0.025721
905   -0.682001
906   -0.227994
907   -0.025721
908   -0.355350
909   -0.682001
910   -0.689893
911    0.301830
912   -0.025721
913    0.308203
914   -0.355350
915   -0.025721
916    0.301830
917    0.767488
918   -0.355350
919    0.308203
920    0.301830
921   -0.025721
922    0.308203
923   -0.355350
924   -0.025721
925    0.308203
926   -0.355350
927   -0.355350
928    0.173831
929   -0.689893
930    0.308203
931   -0.682001
932    0.283994
933   -0.032642
934   -0.355350
935    0.308203
936   -0.362796
937   -0.025721
938   -0.199317
939   -0.454146
940   -0.025721
941   -0.025721
942   -0.355350
943   -0.025721
944   -0.025721
945   -0.025721
946   -0.362796
947   -0.032642
948    0.308203
949   -0.355350

==============================================================================
LOGISTIC MIXED MODEL — COMMON JUDGE A (StrongREJECT rubric>=3)
formula: success ~ C(attack)*C(family) + C(benchmark)
rows: 2982
random effects: {'model': '0 + C(model)', 'prompt': '0 + C(prompt)'}
==============================================================================
Estimation: variational Bayes (statsmodels BinomialBayesMixedGLM)
                                 Binomial Mixed GLM Results
=============================================================================================
                                               Type Post. Mean Post. SD   SD  SD (LB) SD (UB)
---------------------------------------------------------------------------------------------
Intercept                                         M    -2.3039   0.0496                      
C(attack)[T.metacipher]                           M     2.3957   0.0825                      
C(attack)[T.arrattack]                            M     1.3257   0.0791                      
C(family)[T.diffusion]                            M    -0.2891   0.0702                      
C(benchmark)[T.jailbreakbench]                    M     0.3358   0.1412                      
C(benchmark)[T.malicious_instruct]                M     0.6060   0.1510                      
C(benchmark)[T.strongreject]                      M     0.0581   0.0874                      
C(attack)[T.metacipher]:C(family)[T.diffusion]    M     1.5893   0.1163                      
C(attack)[T.arrattack]:C(family)[T.diffusion]     M     0.1697   0.1084                      
model                                             V     0.2647   0.2719 1.303   0.757   2.244
prompt                                            V     0.0612   0.0243 1.063   1.013   1.116
=============================================================================================
Parameter types are mean structure (M) and variance structure (V)
Variance parameters are modeled as log standard deviations

Mean-structure coefficients (fixed effects):
0     -2.303943
1      2.395667
2      1.325659
3     -0.289070
4      0.335832
5      0.606041
6      0.058056
7      1.589300
8      0.169697
9      0.264689
10     0.061178
11     0.056749
12    -0.837457
13    -2.505384
14     0.674870
15     0.693593
16     1.074065
17    -0.307358
18    -1.175112
19    -0.066542
20     0.301331
21     0.607100
22    -0.165958
23     0.900450
24    -0.020753
25     0.222098
26    -0.713030
27    -0.691079
28     0.504533
29     1.096665
30     0.179127
31     0.151079
32    -0.425974
33    -0.165958
34    -0.676802
35     0.286191
36     0.163998
37    -0.333024
38     0.649417
39    -0.052847
40    -0.176795
41    -0.107645
42     0.059026
43    -1.250229
44     0.139718
45    -0.252778
46    -0.107645
47     0.032795
48    -1.072819
49    -0.247088
50    -0.917562
51    -0.605809
52    -0.734498
53     0.824705
54     0.444651
55    -0.470393
56     0.114638
57     0.419413
58    -0.015478
59     0.169826
60     0.792136
61     0.207907
62     0.263102
63     0.350960
64    -0.118456
65    -0.214982
66     0.151745
67    -0.386834
68     0.151079
69    -0.053013
70    -0.316071
71     0.098351
72    -0.851376
73    -0.369108
74     0.076246
75     0.624476
76     0.019782
77    -0.160961
78    -0.066542
79     0.065220
80    -0.204447
81    -0.118456
82    -0.110401
83    -0.568793
84     0.412963
85    -0.264715
86    -0.333024
87     0.207907
88    -0.119704
89     0.263102
90     0.141443
91     0.208342
92    -0.118456
93     0.343702
94    -0.605809
95     1.822824
96     0.882784
97    -0.053013
98     0.942994
99     1.258225
100   -0.211980
101   -0.205547
102    0.559574
103    0.098124
104   -0.118456
105    0.305087
106    0.639346
107    1.265781
108    0.303254
109    1.348025
110    0.960054
111   -0.836312
112   -0.830697
113   -0.830697
114   -1.170445
115   -0.467560
116   -1.056665
117   -1.128942
118   -1.124171
119   -0.118456
120   -0.096985
121    0.263102
122   -1.337742
123    0.550250
124   -0.299588
125    0.329411
126   -0.432614
127   -0.832023
128   -0.893256
129    0.224373
130   -0.017229
131    0.193784
132   -0.328777
133    0.232916
134   -0.629400
135   -0.095364
136    1.518912
137   -0.324886
138    0.381480
139   -0.943556
140   -0.543758
141    0.343702
142   -0.107645
143    0.015490
144    0.321751
145    0.222903
146   -0.562138
147    0.263102
148   -0.824367
149    0.020852
150    0.443150
151   -0.734498
152   -0.847015
153   -0.500505
154    0.186713
155   -0.830697
156   -0.186936
157   -0.025589
158   -1.167451
159    0.443150
160    0.360705
161   -0.408749
162    0.303254
163    0.224373
164   -0.830697
165    0.828136
166   -0.774578
167   -0.915654
168    1.008262
169    0.441788
170   -0.179737
171    0.288522
172   -0.592797
173   -0.015478
174   -0.085817
175   -0.286662
176   -0.779788
177    0.522947
178   -1.051692
179   -1.123071
180    0.103858
181    0.151745
182    0.680786
183   -1.546724
184   -1.227846
185   -0.238202
186   -0.165958
187   -0.913048
188    1.439872
189   -0.201774
190   -0.497968
191   -0.402010
192   -0.751756
193   -0.187421
194    0.870469
195   -0.605809
196   -0.811969
197    0.224373
198   -0.014138
199    0.408139
200   -0.380248
201   -0.252778
202   -0.629400
203   -0.239844
204   -0.884605
205   -0.107645
206    0.597556
207    0.588119
208   -0.386834
209   -0.635415
210   -0.457680
211    0.649358
212   -0.107645
213   -0.605809
214   -0.271578
215   -0.657624
216    0.163998
217   -0.331058
218    0.010229
219   -0.639060
220   -0.983779
221   -0.562138
222   -0.165958
223   -0.676802
224   -1.262485
225    0.319156
226    0.360705
227   -1.222513
228   -0.781277
229   -0.754375
230   -0.247088
231    0.667451
232   -0.132010
233    0.967781
234    0.360705
235    0.360705
236    0.208342
237    0.224373
238    1.630628
239    0.141443
240   -0.537821
241    0.983559
242   -1.370028
243   -0.082862
244    0.908895
245    0.711490
246    0.691725
247    0.808521
248    0.472180
249   -0.238202
250    0.151745
251   -0.204447
252    0.617790
253    0.151079
254    0.967781
255   -0.432986
256   -0.165561
257   -0.459613
258    1.452783
259   -0.993731
260    0.224373
261    0.654221
262    0.321751
263   -0.727466
264    0.321751
265    0.808521
266   -0.631266
267   -1.118628
268    0.350763
269   -0.053013
270   -0.201774
271    0.667640
272    1.080314
273   -0.170791
274   -0.479110
275   -0.672466
276    0.766375
277   -0.651086
278    0.152282
279    0.709474
280    0.983559
281    0.123925
282    0.617790
283    0.506772
284    1.333594
285   -0.118456
286   -0.531653
287    0.900450
288    0.141443
289   -0.053013
290    0.354721
291    0.617790
292    0.151745
293   -0.062985
294   -0.108446
295   -0.295345
296   -0.287365
297   -0.287365
298   -0.053013
299    0.090999
300    1.060904
301   -0.264715
302   -0.281243
303   -0.333024
304    0.056784
305    0.246853
306    0.197851
307   -0.921781
308    0.689458
309   -0.325065
310    0.224373
311    0.087932
312   -0.368708
313    0.212195
314    1.391928
315    0.711490
316    0.360705
317    1.406170
318    0.415397
319    0.145283
320    0.343702
321    0.884088
322   -0.582204
323    1.021490
324   -0.201774
325   -0.307358
326   -0.014138
327    0.040362
328    0.187547
329    0.857254
330    0.704685
331   -0.408044
332   -0.942567
333   -0.492853
334   -0.267980
335    0.692592
336    0.397178
337    0.894909
338   -0.136667
339    1.082573
340    0.087932
341    0.282441
342    0.675320
343    1.001107
344    0.063556
345   -0.220452
346    1.535381
347    0.897480
348   -0.009201
349   -0.516323
350   -0.255250
351   -1.072819
352   -1.161071
353   -0.516323
354    0.040362
355    0.703889
356   -0.516323
357   -0.160831
358    1.044308
359    1.154989
360    0.332029
361    1.001107
362   -1.139997
363   -0.758548
364   -0.637104
365   -0.605809
366   -0.108077
367   -0.699295
368    1.776593
369   -0.160109
370    0.141137
371    0.480012
372    0.155611
373   -0.015478
374    0.136030
375   -1.093882
376    0.151079
377    0.419413
378   -0.132720
379   -0.249446
380    0.303254
381    0.581364
382    0.321751
383   -0.317984
384    0.035697
385    0.158092
386   -1.114665
387   -1.231218
388    0.851951
389   -0.757648
390   -0.099191
391   -0.173003
392    0.976756
393    0.128123
394    1.309930
395   -0.819342
396    0.333544
397   -0.761148
398    0.176326
399    0.758765
400   -0.128902
401   -0.016802
402    0.183219
403   -0.082903
404   -0.052745
405    0.183219
406   -0.346886
407   -0.316485
408    0.329775
409    0.202731
410   -0.164117
411   -0.408916
412    0.129134
413   -0.247083
414   -0.453012
415   -0.084077
416    0.077978
417    0.932025
418    0.724667
419   -0.062053
420    0.332243
421   -0.914779
422   -0.352073
423   -0.183836
424   -0.088374
425    0.495821
426   -0.029457
427    0.245780
428   -0.173572
429   -0.093320
430    0.001908
431    0.564770
432   -0.648844
433    0.409001
434   -0.885263
435   -0.021348
436    0.454563
437   -0.247083
438    0.003024
439    0.407791
440    0.454563
441    0.769937
442   -0.478696
443    0.885353
444   -0.456536
445    0.217371
446    0.082790
447    0.120735
448   -0.630782
449   -0.224108
450   -0.470356
451    0.383575
452   -0.098257
453    0.010746
454   -0.123844
455    0.918735
456   -0.303940
457    0.279179
458   -0.838109
459    0.116391
460    0.653795
461   -0.928993
462    0.306252
463    0.306252
464   -0.293234
465    0.963390
466   -0.022507
467   -0.339518
468    0.022826
469    0.283449
470   -0.668298
471    1.258218
472   -0.303940
473   -0.011235
474   -0.788164
475   -0.213167
476   -0.154615
477    0.802089
478   -0.347992
479   -1.423642
480   -0.602349
481    0.012410
482    0.252606
483    0.271261
484   -0.606648
485   -0.055947
486    0.079141
487   -0.339111
488    0.185085
489   -0.993496
490   -0.065515
491   -0.141810
492   -0.399468
493   -0.187401
494    0.265338
495   -0.179903
496   -0.347992
497    0.065869
498   -0.009764
499    1.182909
500   -0.262405
501   -0.140645
502    0.424812
503    0.232101
504    0.265338
505   -0.286906
506    0.153704
507   -0.320833
508   -0.286906
509    1.882854
510    0.229701
511   -0.086303
512   -0.286906
513   -0.069312
514    0.232101
515    0.071689
516   -0.087129
517   -0.756850
518    0.789112
519    0.185085
520    0.141556
521    0.232101
522    0.232101
523   -0.088960
524   -0.179903
525    0.099197
526   -0.036937
527    0.393904
528    0.175155
529   -0.235744
530    0.007614
531   -0.453388
532    0.064865
533    0.279963
534   -0.359197
535   -0.783033
536    0.793427
537    0.674522
538   -0.184819
539    0.446851
540   -0.240633
541   -0.407049
542    0.370804
543   -0.165380
544    0.393904
545    0.364675
546   -0.557646
547   -0.347992
548    0.065869
549   -0.303105
550    1.482106
551    0.431553
552   -0.065515
553    0.031091
554   -0.509065
555   -0.087129
556   -0.396434
557    0.153704
558    0.541646
559   -0.398809
560   -0.179903
561   -0.768744
562    0.232101
563    0.789112
564    0.184100
565   -0.717256
566   -0.402368
567   -0.086303
568    0.184100
569    0.022014
570    0.647525
571   -0.452579
572    0.572956
573    1.064474
574    0.091439
575   -0.055800
576    0.073344
577    0.333178
578    0.101779
579    0.043080
580   -0.846988
581    0.078698
582    0.892299
583   -0.071129
584    0.831739
585   -0.839542
586   -0.326481
587   -0.766287
588   -0.573092
589   -1.200935
590    1.565622
591    0.123204
592    0.235758
593    1.897777
594    0.678701
595    1.140697
596   -0.136133
597    0.096667
598    0.037999
599    0.566309
600    0.722388
601   -0.083483
602   -0.144148
603   -0.256948
604   -0.491167
605    0.159731
606   -0.299328
607    0.915986
608   -0.172645
609    0.254952
610   -0.256948
611   -0.327878
612   -0.861237
613    0.195059
614   -0.425376
615   -0.336729
616   -1.627587
617   -0.055800
618   -0.641457
619    0.079742
620   -0.209354
621   -0.253202
622   -0.266379
623   -0.409863
624   -0.425362
625   -0.258044
626   -0.209354
627   -0.576852
628   -0.219060
629   -0.085235
630    0.399359
631   -0.623450
632    0.425970
633    0.084157
634   -0.616694
635   -1.098305
636    0.254952
637    0.798849
638   -0.187723
639   -0.111129
640   -0.381370
641   -0.481163
642    0.314158
643    0.428054
644    0.351101
645   -1.098305
646    0.098687
647   -0.167260
648   -0.021761
649   -0.290856
650   -0.156926
651   -0.123724
652   -0.051258
653   -0.820645
654   -1.119907
655   -0.250611
656   -0.820645
657   -0.261408
658   -0.055800
659   -0.103961
660    0.450673
661   -0.321853
662    0.425970
663    0.037797
664   -0.560331
665    0.482729
666    0.798849
667    0.565130
668    0.102539
669   -0.209354
670   -0.055800
671    0.563554
672   -0.091712
673   -0.573092
674   -0.153362
675   -1.125024
676    0.040095
677   -0.043016
678    0.078698
679    0.128285
680   -0.841078
681   -0.737517
682    0.674962
683   -0.261408
684    2.053955
685    0.092434
686    0.139439
687    0.217003
688    0.113466
689    0.237789
690    0.254952
691   -0.112393
692    0.631987
693   -0.123724
694    0.217003
695    1.336078
696   -0.178438
697   -0.344711
698   -0.573092
699    1.456274
700   -0.214280
701    0.217003
702    0.312668
703    0.146129
704   -0.209354
705   -0.405925
706   -0.016400
707    0.218090
708   -0.296782
709    1.353656
710   -0.241038
711    0.230301
712    1.001273
713    0.128285
714   -0.136133
715    0.220487
716    0.134661
717    0.049736
718    0.098687
719    0.348017
720    0.180189
721   -0.144148
722    0.655854
723   -0.635384
724    0.091439
725   -0.392051
726    0.809273
727    0.892299
728    0.010841
729   -0.184012
730    0.928400
731    0.399359
732   -0.209354
733    0.312640
734    0.488849
735    1.080518
736    0.333178
737    0.442114
738   -0.316443
739    0.383445
740   -0.296782
741    0.575267
742   -0.385356
743   -0.016400
744   -0.055800
745    0.772777
746   -1.375391
747    0.351101
748    1.114085
749   -0.256948
750   -1.324778
751   -0.261408
752   -0.167260
753   -0.957236
754    0.159731
755   -0.839429
756   -0.928154
757   -0.257145
758   -1.240424
759   -1.100672
760   -0.209354
761   -0.123724
762   -0.259944
763    0.442114
764    0.560712
765    0.320418
766    0.139439
767    0.678701
768    0.128285
769   -0.123724
770    0.740305
771    0.047079
772   -0.220056
773   -0.321853
774   -0.159020
775    0.156034
776   -0.261408
777   -0.323219
778   -0.553280
779    0.123032
780    0.006931
781   -0.893263
782   -0.271301
783    0.716626
784    0.442114
785    0.572956
786    0.254952
787   -1.002637
788   -0.327878
789    0.616332
790   -1.607969
791   -0.934002
792    1.573389
793   -1.107587
794    0.572956
795   -0.012309
796    0.609242
797   -0.233413
798    0.726915
799    0.572956
800    0.538558
801    0.624825
802   -1.185053
803    0.493124
804   -0.825758
805   -1.098305
806    0.404280
807   -0.495012
808   -0.560118
809   -0.837430
810   -0.477678
811    0.312640
812   -0.156926
813    0.200059
814   -0.055800
815    0.351939
816   -0.209354
817   -0.261408
818   -0.055800
819   -0.807919
820   -1.143337
821   -0.016400
822   -0.261408
823   -0.261408
824   -0.448793
825   -0.006293
826    0.521455
827    0.175466
828    0.281689
829    0.507154
830   -0.172645
831    1.436542
832    0.488849
833   -0.352930
834   -0.787954
835   -0.055800
836    0.521869
837   -0.078143
838   -0.874499
839    0.299535
840    0.521455
841    0.217003
842    0.808282
843    0.128285
844    0.351101
845    0.237789
846   -0.123388
847    0.426618
848    0.880946
849   -0.172645
850    0.348017
851   -0.172645
852    0.505088
853   -0.369866
854    0.048399
855    0.116260
856   -0.271301
857    0.098687
858   -0.408497
859    0.566309
860   -0.172645

==============================================================================
LOGISTIC MIXED MODEL — COMMON JUDGE B (StrongREJECT binary)
formula: success ~ C(attack)*C(family) + C(benchmark)
rows: 2982
random effects: {'model': '0 + C(model)', 'prompt': '0 + C(prompt)'}
==============================================================================
Estimation: variational Bayes (statsmodels BinomialBayesMixedGLM)
                                 Binomial Mixed GLM Results
=============================================================================================
                                               Type Post. Mean Post. SD   SD  SD (LB) SD (UB)
---------------------------------------------------------------------------------------------
Intercept                                         M    -2.3245   0.0507                      
C(attack)[T.metacipher]                           M     2.5450   0.0852                      
C(attack)[T.arrattack]                            M     1.0921   0.0819                      
C(family)[T.diffusion]                            M    -0.5914   0.0725                      
C(benchmark)[T.jailbreakbench]                    M     0.6835   0.1438                      
C(benchmark)[T.malicious_instruct]                M     1.0277   0.1548                      
C(benchmark)[T.strongreject]                      M     0.6142   0.0885                      
C(attack)[T.metacipher]:C(family)[T.diffusion]    M     1.6266   0.1196                      
C(attack)[T.arrattack]:C(family)[T.diffusion]     M     0.2948   0.1136                      
model                                             V     0.2722   0.2717 1.313   0.762   2.261
prompt                                            V     0.2450   0.0243 1.278   1.217   1.341
=============================================================================================
Parameter types are mean structure (M) and variance structure (V)
Variance parameters are modeled as log standard deviations

Mean-structure coefficients (fixed effects):
0     -2.324455
1      2.545007
2      1.092132
3     -0.591396
4      0.683510
5      1.027734
6      0.614201
7      1.626640
8      0.294757
9      0.272168
10     0.245022
11    -0.072608
12    -0.901158
13    -2.468588
14     0.753934
15     0.709976
16     1.114402
17     0.433458
18     0.030506
19    -0.086702
20     0.446387
21    -0.157361
22    -0.210714
23    -0.120406
24     0.913748
25     0.304012
26    -0.968377
27    -0.926327
28     0.693529
29     2.090243
30    -0.670242
31     0.231906
32    -0.557857
33    -0.210714
34     0.340899
35     0.425359
36     0.238716
37    -0.482157
38     0.933328
39    -0.019780
40    -0.227907
41    -0.120406
42     0.047090
43    -1.601280
44     0.195113
45    -0.362232
46    -0.120406
47     1.230424
48    -1.185479
49    -0.293413
50    -1.175546
51    -0.842682
52    -0.961127
53     0.287657
54     0.558657
55    -0.348542
56     0.244037
57     0.553014
58    -0.027479
59     0.302716
60     1.018294
61     0.274615
62     0.340899
63     0.450670
64    -0.200169
65    -0.070122
66     0.233586
67     0.660839
68     0.231906
69    -0.063530
70     0.598061
71     0.092641
72     0.168959
73    -0.517505
74    -0.688722
75     0.841101
76     1.141369
77    -0.187138
78    -0.086702
79     0.051592
80    -0.252245
81    -0.200169
82    -0.078868
83    -0.712704
84     0.667680
85    -0.367651
86     1.669467
87     0.274615
88    -0.140840
89     0.340899
90     1.282027
91     0.340512
92    -0.200169
93     0.508963
94     0.417545
95     1.226247
96     1.148801
97    -0.063530
98     1.264926
99     1.571417
100    0.963695
101   -0.284218
102    1.411615
103    0.168959
104    1.148801
105    0.387934
106    1.466203
107    0.558657
108    0.468753
109    0.966676
110    1.268751
111   -0.261902
112   -1.095724
113   -1.095724
114   -1.437433
115   -0.576788
116   -1.172428
117   -0.482297
118   -1.401132
119   -0.200169
120   -1.121646
121    0.340899
122   -1.623142
123    0.748617
124   -1.869053
125    0.407380
126   -0.566360
127   -0.809597
128   -1.187131
129   -0.903547
130   -1.673235
131   -0.966017
132   -0.378881
133   -0.758876
134   -0.862832
135   -0.061015
136   -0.668396
137   -0.429480
138    0.623202
139   -0.093451
140   -0.625349
141   -0.712704
142   -0.120406
143   -1.013072
144   -0.842682
145   -0.651979
146    0.540303
147    0.340899
148   -0.869130
149   -1.169506
150   -0.547325
151   -0.961127
152   -1.120680
153   -1.589802
154   -0.796150
155   -1.095724
156   -1.296891
157   -1.017629
158   -0.670376
159   -0.547325
160    0.540303
161   -1.481312
162   -0.726315
163   -0.903547
164   -1.095724
165   -0.056402
166   -0.951871
167   -1.863656
168   -0.944193
169    1.611702
170   -1.267653
171   -0.734782
172   -0.734782
173   -0.027479
174   -0.093451
175    0.821791
176    0.047090
177   -0.204811
178   -1.322868
179   -1.194211
180    0.163693
181    0.233586
182    0.910672
183   -1.938880
184   -0.532191
185   -0.328077
186   -0.210714
187   -0.248962
188    0.823917
189    1.007515
190   -1.221287
191    1.226424
192    0.092641
193   -1.024809
194   -1.064544
195    0.417545
196    0.135168
197   -0.903547
198   -1.249628
199   -0.420666
200   -0.504257
201    0.911428
202   -0.862832
203    1.267215
204   -1.833697
205   -0.120406
206   -0.205511
207   -0.173935
208   -1.461432
209    0.324838
210   -1.453935
211   -0.319409
212   -0.120406
213   -0.842682
214   -1.324368
215   -0.885027
216   -0.902981
217   -0.877084
218    1.333601
219    0.878841
220   -1.245707
221   -0.703660
222   -0.210714
223    0.340899
224   -0.645126
225   -0.411369
226    0.540303
227   -1.496296
228   -0.979205
229   -0.772481
230    0.938308
231   -0.063756
232    0.776906
233    1.372473
234    0.540303
235    0.540303
236    0.340512
237   -0.903547
238    0.986578
239    0.136362
240    0.482547
241    1.272102
242   -0.828085
243   -0.139046
244    1.147568
245    0.918424
246    0.913748
247    1.130881
248   -1.246831
249   -0.328077
250    0.233586
251   -0.252245
252    0.821791
253    0.231906
254    1.372473
255    0.341068
256   -0.214894
257    0.382152
258   -0.221560
259   -0.205511
260    0.369612
261    0.938308
262    0.417545
263   -0.903547
264    0.417545
265    1.130881
266   -1.660768
267   -1.333784
268    1.471179
269   -0.063530
270   -0.291474
271    0.871221
272   -0.551117
273   -0.258177
274   -0.602463
275   -0.841650
276    1.089806
277    0.085954
278    0.216329
279    1.583561
280    1.272102
281    0.985607
282    0.821791
283    0.750269
284    1.733811
285   -0.200169
286   -0.608866
287    1.294782
288    0.136362
289   -0.063530
290    1.114391
291    0.821791
292    0.233586
293   -0.092154
294   -1.155452
295   -0.407694
296   -0.421761
297   -0.421761
298   -0.063530
299    0.147916
300    0.940927
301    0.801744
302   -0.326592
303   -0.482157
304    1.280359
305    0.312093
306    0.209228
307   -1.123203
308    0.911428
309    0.748617
310    0.369612
311    0.307762
312   -0.489380
313    0.305496
314    1.803027
315    0.918424
316   -0.703660
317    1.794667
318   -0.438734
319    1.271598
320    0.508963
321    1.134022
322   -0.527368
323    0.377294
324   -0.291474
325   -0.159756
326    1.254398
327    0.259511
328    1.002630
329    0.710917
330    1.035701
331    1.120931
332   -0.978670
333   -0.413493
334   -0.150447
335    0.028353
336    0.620234
337   -0.490252
338   -1.020996
339    0.941959
340    0.307762
341    0.498791
342   -0.182791
343    0.798963
344    0.262214
345   -0.100870
346    1.930009
347    1.226568
348   -0.470426
349    0.791926
350   -0.118385
351   -1.185479
352   -1.294217
353   -0.437385
354    0.259511
355   -0.333296
356   -0.437385
357    1.609814
358    1.389347
359    1.002630
360    0.571721
361    1.342239
362   -1.262960
363   -1.018954
364   -1.657592
365   -0.842682
366   -0.137872
367   -0.684300
368    1.422085
369   -0.242451
370    0.212066
371    0.614081
372    0.195533
373   -0.027479
374    0.205578
375   -1.203523
376    0.231906
377    0.553014
378   -0.157764
379   -0.332586
380    0.468753
381    0.783972
382    0.417545
383    0.670740
384    0.909148
385    1.219509
386   -1.366304
387   -1.522311
388    1.160675
389   -0.447783
390   -0.162941
391   -1.415785
392    1.747269
393   -0.408848
394    1.007789
395   -0.560548
396    0.345007
397   -0.946347
398    0.170186
399    0.331282
400   -0.254916
401   -0.041756
402    0.255238
403    0.847333
404    0.681991
405    0.255238
406   -0.552220
407    0.591635
408    0.364275
409    0.189558
410   -0.390296
411   -0.693997
412    0.097998
413   -0.416836
414   -0.694595
415   -0.161088
416    0.038204
417    1.662512
418    0.832660
419    0.950733
420   -0.657048
421   -1.278762
422   -0.599697
423   -0.282138
424   -0.147958
425    0.579092
426    1.046103
427    0.168969
428    0.620396
429   -0.156520
430    0.945438
431    0.640213
432   -0.988542
433   -0.436550
434   -2.583137
435   -0.050290
436    0.535683
437   -0.416836
438   -0.043955
439    0.438195
440    0.535683
441   -0.067803
442   -0.766651
443   -0.979160
444   -0.709722
445    0.232317
446   -0.003915
447    0.151088
448    0.496052
449   -0.332480
450   -0.688884
451    0.482077
452   -0.188657
453    1.062919
454   -0.258491
455    1.093107
456   -0.501086
457    0.304327
458   -0.591018
459   -0.007499
460    0.713639
461   -1.285518
462    0.398150
463    0.398150
464   -0.473101
465    1.357743
466   -0.058308
467    0.399911
468   -0.038545
469    0.344535
470    0.293877
471    1.551157
472   -0.501086
473   -0.118601
474   -1.159538
475    0.368274
476    0.796577
477    1.532051
478   -0.577767
479   -1.121580
480   -0.819443
481   -0.068527
482    1.176865
483    0.278462
484   -0.765286
485    0.965633
486    0.003286
487    0.090127
488    0.728958
489   -1.809044
490   -0.119423
491   -0.325789
492   -0.640876
493   -0.351356
494    0.334459
495   -0.362272
496   -0.577767
497    0.066661
498   -0.131430
499    1.806346
500   -0.492314
501   -0.253926
502    0.418045
503    0.241008
504    0.334459
505   -0.488224
506    0.207310
507   -0.536030
508   -0.488224
509    2.230282
510    0.289673
511   -0.164751
512   -0.488224
513   -0.265564
514    0.241008
515    0.051698
516   -0.139673
517   -1.043053
518   -0.362272
519    1.869626
520    0.148624
521    0.241008
522    0.241008
523   -0.269096
524   -0.362272
525    0.118800
526   -0.220591
527    0.449821
528   -0.998010
529   -0.466971
530    1.369575
531   -0.749412
532    0.001310
533    0.318930
534    0.592928
535    0.187430
536   -0.143702
537   -0.371846
538   -0.281472
539    0.437810
540   -0.399043
541   -0.696328
542    0.463916
543   -0.239500
544    0.449821
545    0.379426
546   -0.846467
547   -0.577767
548    0.066661
549   -0.518205
550    1.661014
551    0.488112
552   -0.119423
553   -0.152437
554    0.205118
555   -0.139673
556   -0.663461
557    0.207310
558    0.583550
559    0.231411
560   -0.362272
561   -0.964468
562    0.241008
563    0.913318
564    0.187430
565    0.241008
566   -0.651634
567   -1.292097
568    0.187430
569   -0.041242
570    0.760454
571   -0.697641
572    0.539937
573    1.106631
574   -0.023775
575   -0.103056
576   -0.091377
577    0.360626
578    1.455844
579   -0.036852
580   -0.154702
581   -0.051032
582    1.175640
583   -0.264490
584    0.849172
585   -0.098944
586    0.463948
587   -1.090147
588    0.411219
589   -0.651082
590    0.117637
591   -0.111462
592    0.112987
593    2.044888
594    0.762549
595    2.007634
596   -0.316354
597   -1.070513
598   -0.194393
599    0.597603
600    0.795638
601    0.648586
602   -0.423345
603   -0.420156
604   -0.722277
605    0.160123
606   -0.541954
607    0.936511
608   -0.303166
609    0.241692
610    0.739082
611    0.569594
612   -1.252693
613    0.117445
614   -0.650518
615    0.497837
616   -2.241398
617   -0.103056
618    0.198879
619   -0.059664
620   -0.402624
621    0.215862
622   -0.440459
623   -0.728624
624    0.431915
625   -1.056025
626   -0.402624
627   -0.161270
628   -0.503408
629   -0.339800
630    0.373879
631    0.255968
632    0.317061
633    0.968180
634   -0.989762
635   -1.475969
636    0.241692
637    0.991544
638    0.605923
639    0.680398
640   -0.658157
641   -0.829577
642    0.208034
643    0.356410
644    0.411219
645   -1.475969
646   -0.092866
647   -0.351946
648   -0.191548
649    0.636063
650   -0.257063
651   -0.289633
652    0.728911
653   -0.036852
654   -1.498140
655   -0.458055
656   -1.166519
657   -0.485725
658   -0.103056
659   -0.412512
660   -0.672443
661   -0.550272
662    1.301759
663   -0.191262
664   -0.912414
665    0.330811
666    0.991544
667    0.635552
668    0.079043
669   -0.402624
670   -0.103056
671    1.423572
672   -0.395591
673    0.411219
674    0.117981
675   -0.796153
676   -0.121517
677   -0.281718
678   -0.051032
679    1.101939
680    0.617002
681    0.265219
682    0.697309
683    0.762549
684    2.116334
685   -0.061192
686   -1.144413
687    0.265219
688   -0.023784
689    0.193545
690    0.241692
691    0.825274
692    0.660956
693   -0.289633
694    0.265219
695    1.927765
696   -0.375012
697   -0.649062
698   -0.851822
699    0.617002
700   -0.408646
701    0.265219
702    0.261829
703    0.157916
704    0.860670
705   -0.181549
706   -0.047211
707    0.185433
708   -0.534505
709    1.423572
710   -1.350751
711    0.113606
712   -0.046584
713   -0.046584
714   -0.316354
715    0.509321
716    0.007570
717   -0.102297
718   -0.092866
719    0.199138
720    0.718710
721    0.604033
722    0.701874
723    0.115120
724   -1.159790
725    0.373879
726    0.735666
727    1.175640
728    0.774405
729   -0.329329
730    0.866588
731    0.373879
732   -0.402624
733    0.304836
734    0.463948
735    1.141907
736    0.360626
737    0.498112
738    0.163428
739    1.263475
740    0.634396
741   -0.468764
742    0.245740
743   -0.047211
744   -0.103056
745   -0.329329
746   -1.845223
747    0.411219
748    1.357204
749   -0.420156
750   -1.917747
751   -0.485725
752   -0.351946
753   -1.405970
754    0.160123
755   -1.224217
756   -1.274205
757   -0.476292
758   -1.809906
759   -0.684452
760   -0.402624
761   -0.289633
762   -0.632935
763    0.498112
764   -0.523392
765    0.680732
766    0.056184
767    0.762549
768   -0.046584
769   -0.289633
770    0.739528
771   -0.117246
772   -0.425353
773   -0.550272
774   -0.431583
775   -0.003838
776   -0.485725
777   -0.626392
778    0.320057
779    0.989004
780   -0.216020
781   -1.328765
782    0.701874
783    0.752382
784    0.498112
785    0.539937
786    0.241692
787   -0.504566
788    0.569594
789   -0.331564
790    1.249518
791   -1.331566
792    1.685257
793   -1.486097
794   -0.068551
795   -0.151180
796   -0.021533
797   -0.491026
798   -0.838362
799    0.539937
800   -0.739338
801    1.468343
802   -1.639622
803    0.433662
804   -1.184519
805   -1.475969
806    0.282575
807   -0.728994
808   -1.426868
809    0.410595
810   -0.749953
811    0.304836
812   -0.257063
813    0.216814
814   -0.103056
815    0.283308
816   -0.402624
817   -0.485725
818   -0.103056
819   -1.295084
820   -0.218825
821   -0.047211
822   -0.485725
823   -0.485725
824    0.354026
825   -0.231860
826    0.553187
827   -0.083258
828    0.133432
829    0.461881
830   -0.303166
831    1.469366
832    0.463948
833   -0.663574
834    0.079043
835   -0.103056
836    0.429856
837   -0.331564
838   -0.208680
839    0.127487
840    0.553187
841   -1.047706
842    1.193293
843   -0.046584
844    0.411219
845    0.193545
846   -0.317593
847    0.316467
848   -0.068968
849   -0.303166
850    1.150776
851   -0.303166
852    0.395680
853   -0.633795
854   -0.169825
855   -0.067321
856   -0.506192
857   -0.092866
858    0.259590
859    0.597603
860   -0.303166
